0 0 90 69 21 76
0 1 88 71 17 80
0 2 92 64 28 69
0 3 89 66 23 74
0 4 87 66 21 75
0 5 88 72 16 81
0 6 91 73 18 80
0 7 90 70 20 77
0 8 92 68 24 73
0 9 93 73 20 78
0 10 85 71 14 83
0 11 91 69 22 75
0 12 94 65 29 69
0 13 88 66 22 75
0 14 90 73 17 81
0 15 92 67 25 72
0 16 87 69 18 79
0 17 94 68 26 72
0 18 88 65 23 73
0 19 94 69 25 73
0 20 90 64 26 71
0 21 93 68 25 73
0 22 93 68 25 73
0 23 88 73 15 82
0 24 92 65 27 70
0 25 86 72 14 83
0 26 94 64 30 68
1 0 86 64 22 74
1 1 86 64 22 74
1 2 89 70 19 78
1 3 85 72 13 84
1 4 86 71 15 82
1 5 92 66 26 71
1 6 85 69 16 81
1 7 509 493 16 96
1 8 94 66 28 70
1 9 90 69 21 76
1 10 87 68 19 78
1 11 94 67 27 71
1 12 88 72 16 81
1 13 94 67 27 71
1 14 94 69 25 73
1 15 92 67 25 72
1 16 87 65 22 74
1 17 94 69 25 73
1 18 89 66 23 74
1 19 85 71 14 83
1 20 87 66 21 75
1 21 92 70 22 76
1 22 89 66 23 74
1 23 88 71 17 80
1 24 89 69 20 77
1 25 89 65 24 73
1 26 91 68 23 74
2 0 92 70 22 76
2 1 90 73 17 81
2 2 89 66 23 74
2 3 90 71 19 78
2 4 91 65 26 71
2 5 88 68 20 77
2 6 91 65 26 71
2 7 506 494 12 97
2 8 87 72 15 82
2 9 85 71 14 83
2 10 85 69 16 81
2 11 87 68 19 78
2 12 89 72 17 80
2 13 92 70 22 76
2 14 88 67 21 76
2 15 94 67 27 71
2 16 89 67 22 75
2 17 92 72 20 78
2 18 88 67 21 76
2 19 93 71 22 76
2 20 93 64 29 68
2 21 87 69 18 79
2 22 94 67 27 71
2 23 88 70 18 79
2 24 87 70 17 80
2 25 94 70 24 74
2 26 85 64 21 75
3 0 90 69 21 76
3 1 87 73 14 83
3 2 86 72 14 83
3 3 94 70 24 74
3 4 94 71 23 75
3 5 92 68 24 73
3 6 94 66 28 70
3 7 506 497 9 98
3 8 90 70 20 77
3 9 85 72 13 84
3 10 94 69 25 73
3 11 93 73 20 78
3 12 90 67 23 74
3 13 94 65 29 69
3 14 85 66 19 77
3 15 88 68 20 77
3 16 88 68 20 77
3 17 86 66 20 76
3 18 85 64 21 75
3 19 88 68 20 77
3 20 93 0 93 0
3 21 91 73 18 80
3 22 89 69 20 77
3 23 94 66 28 70
3 24 91 69 22 75
3 25 93 65 28 69
3 26 85 72 13 84
4 0 89 66 23 74
4 1 89 72 17 80
4 2 88 73 15 82
4 3 86 73 13 84
4 4 88 65 23 73
4 5 93 69 24 74
4 6 89 66 23 74
4 7 505 497 8 98
4 8 91 73 18 80
4 9 85 67 18 78
4 10 94 66 28 70
4 11 86 65 21 75
4 12 87 65 22 74
4 13 89 73 16 82
4 14 94 65 29 69
4 15 90 73 17 81
4 16 91 68 23 74
4 17 90 71 19 78
4 18 89 68 21 76
4 19 90 65 25 72
4 20 94 66 28 70
4 21 89 71 18 79
4 22 89 73 16 82
4 23 90 70 20 77
4 24 86 72 14 83
4 25 93 73 20 78
4 26 90 72 18 80
5 0 86 73 13 84
5 1 94 70 24 74
5 2 89 64 25 71
5 3 86 64 22 74
5 4 90 73 17 81
5 5 86 69 17 80
5 6 92 69 23 75
5 7 506 497 9 98
5 8 86 67 19 77
5 9 88 72 16 81
5 10 94 70 24 74
5 11 92 68 24 73
5 12 87 65 22 74
5 13 85 73 12 85
5 14 86 65 21 75
5 15 87 71 16 81
5 16 88 64 24 72
5 17 93 71 22 76
5 18 93 72 21 77
5 19 92 71 21 77
5 20 92 72 20 78
5 21 91 72 19 79
5 22 86 65 21 75
5 23 93 72 21 77
5 24 91 73 18 80
5 25 88 66 22 75
5 26 91 68 23 74
6 0 94 68 26 72
6 1 89 71 18 79
6 2 87 67 20 77
6 3 93 66 27 70
6 4 92 64 28 69
6 5 89 70 19 78
6 6 85 68 17 80
6 7 509 494 15 97
6 8 86 69 17 80
6 9 86 72 14 83
6 10 94 68 26 72
6 11 91 73 18 80
6 12 94 68 26 72
6 13 91 64 27 70
6 14 86 70 16 81
6 15 91 65 26 71
6 16 93 66 27 70
6 17 93 70 23 75
6 18 91 64 27 70
6 19 86 69 17 80
6 20 87 73 14 83
6 21 86 73 13 84
6 22 94 69 25 73
6 23 88 73 15 82
6 24 85 64 21 75
6 25 93 73 20 78
6 26 88 70 18 79
7 0 87 73 14 83
7 1 91 68 23 74
7 2 93 65 28 69
7 3 90 67 23 74
7 4 86 68 18 79
7 5 93 72 21 77
7 6 90 71 19 78
7 7 505 495 10 98
7 8 86 66 20 76
7 9 88 71 17 80
7 10 87 71 16 81
7 11 87 70 17 80
7 12 89 70 19 78
7 13 87 67 20 77
7 14 88 67 21 76
7 15 93 68 25 73
7 16 90 69 21 76
7 17 94 65 29 69
7 18 93 73 20 78
7 19 87 66 21 75
7 20 94 67 27 71
7 21 90 67 23 74
7 22 90 70 20 77
7 23 94 64 30 68
7 24 87 67 20 77
7 25 88 70 18 79
7 26 85 68 17 80
8 0 91 72 19 79
8 1 93 73 20 78
8 2 89 70 19 78
8 3 86 68 18 79
8 4 88 71 17 80
8 5 91 69 22 75
8 6 90 64 26 71
8 7 506 492 14 97
8 8 94 64 30 68
8 9 92 66 26 71
8 10 92 67 25 72
8 11 86 71 15 82
8 12 89 67 22 75
8 13 85 66 19 77
8 14 89 71 18 79
8 15 88 67 21 76
8 16 85 64 21 75
8 17 94 65 29 69
8 18 90 72 18 80
8 19 89 65 24 73
8 20 86 73 13 84
8 21 93 66 27 70
8 22 92 68 24 73
8 23 87 68 19 78
8 24 85 73 12 85
8 25 87 72 15 82
8 26 87 71 16 81
9 0 91 65 26 71
9 1 87 72 15 82
9 2 90 71 19 78
9 3 93 64 29 68
9 4 88 69 19 78
9 5 93 68 25 73
9 6 88 64 24 72
9 7 504 497 7 98
9 8 87 69 18 79
9 9 92 68 24 73
9 10 90 68 22 75
9 11 85 65 20 76
9 12 93 64 29 68
9 13 94 66 28 70
9 14 89 70 19 78
9 15 91 67 24 73
9 16 91 71 20 78
9 17 92 66 26 71
9 18 87 70 17 80
9 19 91 72 19 79
9 20 94 72 22 76
9 21 85 64 21 75
9 22 94 64 30 68
9 23 91 65 26 71
9 24 85 64 21 75
9 25 91 71 20 78
9 26 89 68 21 76
10 0 92 73 19 79
10 1 91 70 21 76
10 2 85 68 17 80
10 3 90 64 26 71
10 4 89 65 24 73
10 5 93 69 24 74
10 6 94 64 30 68
10 7 506 493 13 97
10 8 85 67 18 78
10 9 92 70 22 76
10 10 90 73 17 81
10 11 90 72 18 80
10 12 86 64 22 74
10 13 89 65 24 73
10 14 92 65 27 70
10 15 92 64 28 69
10 16 92 72 20 78
10 17 91 65 26 71
10 18 86 64 22 74
10 19 85 73 12 85
10 20 90 69 21 76
10 21 88 70 18 79
10 22 89 73 16 82
10 23 92 65 27 70
10 24 89 70 19 78
10 25 88 66 22 75
10 26 86 68 18 79
11 0 87 69 18 79
11 1 89 66 23 74
11 2 90 69 21 76
11 3 91 69 22 75
11 4 90 71 19 78
11 5 86 68 18 79
11 6 90 69 21 76
11 7 509 496 13 97
11 8 90 68 22 75
11 9 90 69 21 76
11 10 86 65 21 75
11 11 91 65 26 71
11 12 90 67 23 74
11 13 92 64 28 69
11 14 89 67 22 75
11 15 93 71 22 76
11 16 88 71 17 80
11 17 94 69 25 73
11 18 94 73 21 77
11 19 86 71 15 82
11 20 90 71 19 78
11 21 88 65 23 73
11 22 86 72 14 83
11 23 89 66 23 74
11 24 94 71 23 75
11 25 86 67 19 77
11 26 89 72 17 80
12 0 87 71 16 81
12 1 93 73 20 78
12 2 91 68 23 74
12 3 87 73 14 83
12 4 88 71 17 80
12 5 89 69 20 77
12 6 88 68 20 77
12 7 505 492 13 97
12 8 92 72 20 78
12 9 87 67 20 77
12 10 86 73 13 84
12 11 87 66 21 75
12 12 93 67 26 72
12 13 93 73 20 78
12 14 92 65 27 70
12 15 93 71 22 76
12 16 94 68 26 72
12 17 88 69 19 78
12 18 91 64 27 70
12 19 90 64 26 71
12 20 88 66 22 75
12 21 86 73 13 84
12 22 91 70 21 76
12 23 89 72 17 80
12 24 85 65 20 76
12 25 85 67 18 78
12 26 93 67 26 72
13 0 94 73 21 77
13 1 90 71 19 78
13 2 90 65 25 72
13 3 86 64 22 74
13 4 91 73 18 80
13 5 91 69 22 75
13 6 92 68 24 73
13 7 507 492 15 97
13 8 88 68 20 77
13 9 87 67 20 77
13 10 85 68 17 80
13 11 94 73 21 77
13 12 85 73 12 85
13 13 91 64 27 70
13 14 90 67 23 74
13 15 93 68 25 73
13 16 86 64 22 74
13 17 88 68 20 77
13 18 90 70 20 77
13 19 86 65 21 75
13 20 89 68 21 76
13 21 85 68 17 80
13 22 88 70 18 79
13 23 88 65 23 73
13 24 89 72 17 80
13 25 86 73 13 84
13 26 93 66 27 70
14 0 89 72 17 80
14 1 93 72 21 77
14 2 87 72 15 82
14 3 93 71 22 76
14 4 91 67 24 73
14 5 92 70 22 76
14 6 86 69 17 80
14 7 502 498 4 99
14 8 87 71 16 81
14 9 85 72 13 84
14 10 88 67 21 76
14 11 85 69 16 81
14 12 92 73 19 79
14 13 89 71 18 79
14 14 86 65 21 75
14 15 86 73 13 84
14 16 93 69 24 74
14 17 89 66 23 74
14 18 85 72 13 84
14 19 88 71 17 80
14 20 94 70 24 74
14 21 93 73 20 78
14 22 87 72 15 82
14 23 85 71 14 83
14 24 87 71 16 81
14 25 93 69 24 74
14 26 86 64 22 74
15 0 92 69 23 75
15 1 85 71 14 83
15 2 93 67 26 72
15 3 91 64 27 70
15 4 85 65 20 76
15 5 92 64 28 69
15 6 88 73 15 82
15 7 503 492 11 97
15 8 94 67 27 71
15 9 86 65 21 75
15 10 87 69 18 79
15 11 86 69 17 80
15 12 93 70 23 75
15 13 85 67 18 78
15 14 89 72 17 80
15 15 86 69 17 80
15 16 91 66 25 72
15 17 85 73 12 85
15 18 86 66 20 76
15 19 88 70 18 79
15 20 94 73 21 77
15 21 94 65 29 69
15 22 94 64 30 68
15 23 94 72 22 76
15 24 88 68 20 77
15 25 86 73 13 84
15 26 94 66 28 70
16 0 89 68 21 76
16 1 87 68 19 78
16 2 93 71 22 76
16 3 88 68 20 77
16 4 91 69 22 75
16 5 87 69 18 79
16 6 94 73 21 77
16 7 506 492 14 97
16 8 89 70 19 78
16 9 93 69 24 74
16 10 93 69 24 74
16 11 92 64 28 69
16 12 86 66 20 76
16 13 86 64 22 74
16 14 88 70 18 79
16 15 87 70 17 80
16 16 93 67 26 72
16 17 90 70 20 77
16 18 91 68 23 74
16 19 90 65 25 72
16 20 92 68 24 73
16 21 94 70 24 74
16 22 90 65 25 72
16 23 88 73 15 82
16 24 90 64 26 71
16 25 90 70 20 77
16 26 91 68 23 74
17 0 92 68 24 73
17 1 90 67 23 74
17 2 87 64 23 73
17 3 86 70 16 81
17 4 93 71 22 76
17 5 90 66 24 73
17 6 91 69 22 75
17 7 509 497 12 97
17 8 86 70 16 81
17 9 91 72 19 79
17 10 89 66 23 74
17 11 91 72 19 79
17 12 90 64 26 71
17 13 91 65 26 71
17 14 94 66 28 70
17 15 94 68 26 72
17 16 89 68 21 76
17 17 93 71 22 76
17 18 92 71 21 77
17 19 90 72 18 80
17 20 91 69 22 75
17 21 94 65 29 69
17 22 89 69 20 77
17 23 86 69 17 80
17 24 91 70 21 76
17 25 86 71 15 82
17 26 86 65 21 75
18 0 90 69 21 76
18 1 93 73 20 78
18 2 93 64 29 68
18 3 91 69 22 75
18 4 93 67 26 72
18 5 91 68 23 74
18 6 86 69 17 80
18 7 501 498 3 99
18 8 85 71 14 83
18 9 85 70 15 82
18 10 92 65 27 70
18 11 94 67 27 71
18 12 90 70 20 77
18 13 87 73 14 83
18 14 85 72 13 84
18 15 89 70 19 78
18 16 85 73 12 85
18 17 88 67 21 76
18 18 91 67 24 73
18 19 86 66 20 76
18 20 89 71 18 79
18 21 88 71 17 80
18 22 88 64 24 72
18 23 90 69 21 76
18 24 92 72 20 78
18 25 91 72 19 79
18 26 87 73 14 83
19 0 88 70 18 79
19 1 87 71 16 81
19 2 89 71 18 79
19 3 85 65 20 76
19 4 85 73 12 85
19 5 90 71 19 78
19 6 87 72 15 82
19 7 503 495 8 98
19 8 85 72 13 84
19 9 87 68 19 78
19 10 85 64 21 75
19 11 88 73 15 82
19 12 85 70 15 82
19 13 90 64 26 71
19 14 94 64 30 68
19 15 90 69 21 76
19 16 88 72 16 81
19 17 93 69 24 74
19 18 89 70 19 78
19 19 89 67 22 75
19 20 89 64 25 71
19 21 86 72 14 83
19 22 92 71 21 77
19 23 90 68 22 75
19 24 87 68 19 78
19 25 89 66 23 74
19 26 92 69 23 75
20 0 91 66 25 72
20 1 94 66 28 70
20 2 86 73 13 84
20 3 85 66 19 77
20 4 87 71 16 81
20 5 87 72 15 82
20 6 91 70 21 76
20 7 503 498 5 99
20 8 88 65 23 73
20 9 91 68 23 74
20 10 85 65 20 76
20 11 90 73 17 81
20 12 90 67 23 74
20 13 89 66 23 74
20 14 87 73 14 83
20 15 94 68 26 72
20 16 88 72 16 81
20 17 91 64 27 70
20 18 90 67 23 74
20 19 93 72 21 77
20 20 87 68 19 78
20 21 92 73 19 79
20 22 89 73 16 82
20 23 89 70 19 78
20 24 91 70 21 76
20 25 91 72 19 79
20 26 89 69 20 77
21 0 90 70 20 77
21 1 89 66 23 74
21 2 94 69 25 73
21 3 88 66 22 75
21 4 88 70 18 79
21 5 86 69 17 80
21 6 86 72 14 83
21 7 510 498 12 97
21 8 91 72 19 79
21 9 91 70 21 76
21 10 85 72 13 84
21 11 88 73 15 82
21 12 88 69 19 78
21 13 91 64 27 70
21 14 92 70 22 76
21 15 91 68 23 74
21 16 87 72 15 82
21 17 89 65 24 73
21 18 87 72 15 82
21 19 90 68 22 75
21 20 91 67 24 73
21 21 87 67 20 77
21 22 86 70 16 81
21 23 91 69 22 75
21 24 86 69 17 80
21 25 94 71 23 75
21 26 91 69 22 75
22 0 87 64 23 73
22 1 89 64 25 71
22 2 85 70 15 82
22 3 94 66 28 70
22 4 87 66 21 75
22 5 91 71 20 78
22 6 94 73 21 77
22 7 505 495 10 98
22 8 89 64 25 71
22 9 90 70 20 77
22 10 91 64 27 70
22 11 86 68 18 79
22 12 89 66 23 74
22 13 90 66 24 73
22 14 90 65 25 72
22 15 85 71 14 83
22 16 93 68 25 73
22 17 92 71 21 77
22 18 94 66 28 70
22 19 93 72 21 77
22 20 91 69 22 75
22 21 86 69 17 80
22 22 89 70 19 78
22 23 91 64 27 70
22 24 91 69 22 75
22 25 86 71 15 82
22 26 86 65 21 75
23 0 87 69 18 79
23 1 88 70 18 79
23 2 88 69 19 78
23 3 90 68 22 75
23 4 94 67 27 71
23 5 94 66 28 70
23 6 85 66 19 77
23 7 508 490 18 96
23 8 86 71 15 82
23 9 93 66 27 70
23 10 89 67 22 75
23 11 87 70 17 80
23 12 89 64 25 71
23 13 89 71 18 79
23 14 94 66 28 70
23 15 92 67 25 72
23 16 92 67 25 72
23 17 90 71 19 78
23 18 90 68 22 75
23 19 92 70 22 76
23 20 93 71 22 76
23 21 92 66 26 71
23 22 90 66 24 73
23 23 89 73 16 82
23 24 86 67 19 77
23 25 87 64 23 73
23 26 92 69 23 75
24 0 90 64 26 71
24 1 89 68 21 76
24 2 94 72 22 76
24 3 87 66 21 75
24 4 92 67 25 72
24 5 90 65 25 72
24 6 90 70 20 77
24 7 508 494 14 97
24 8 90 73 17 81
24 9 93 66 27 70
24 10 90 65 25 72
24 11 92 71 21 77
24 12 88 72 16 81
24 13 91 73 18 80
24 14 92 68 24 73
24 15 94 66 28 70
24 16 94 73 21 77
24 17 93 70 23 75
24 18 91 71 20 78
24 19 91 69 22 75
24 20 90 72 18 80
24 21 93 68 25 73
24 22 92 71 21 77
24 23 87 70 17 80
24 24 88 71 17 80
24 25 89 65 24 73
24 26 94 64 30 68
25 0 92 65 27 70
25 1 86 70 16 81
25 2 86 67 19 77
25 3 85 65 20 76
25 4 85 72 13 84
25 5 88 70 18 79
25 6 86 65 21 75
25 7 506 494 12 97
25 8 92 71 21 77
25 9 88 71 17 80
25 10 88 66 22 75
25 11 88 72 16 81
25 12 90 71 19 78
25 13 94 69 25 73
25 14 85 69 16 81
25 15 91 68 23 74
25 16 94 73 21 77
25 17 93 67 26 72
25 18 92 65 27 70
25 19 92 71 21 77
25 20 89 70 19 78
25 21 85 71 14 83
25 22 87 69 18 79
25 23 86 71 15 82
25 24 94 73 21 77
25 25 90 69 21 76
25 26 86 65 21 75
26 0 90 64 26 71
26 1 85 67 18 78
26 2 86 65 21 75
26 3 89 72 17 80
26 4 91 67 24 73
26 5 86 66 20 76
26 6 93 67 26 72
26 7 502 491 11 97
26 8 94 69 25 73
26 9 85 66 19 77
26 10 87 65 22 74
26 11 89 72 17 80
26 12 85 68 17 80
26 13 94 71 23 75
26 14 90 73 17 81
26 15 89 70 19 78
26 16 90 72 18 80
26 17 90 73 17 81
26 18 94 66 28 70
26 19 87 66 21 75
26 20 94 69 25 73
26 21 92 65 27 70
26 22 88 69 19 78
26 23 93 64 29 68
26 24 91 70 21 76
26 25 94 70 24 74
26 26 92 65 27 70
27 0 93 67 26 72
27 1 88 70 18 79
27 2 86 71 15 82
27 3 94 65 29 69
27 4 93 68 25 73
27 5 86 73 13 84
27 6 89 72 17 80
27 7 502 499 3 99
27 8 93 71 22 76
27 9 89 71 18 79
27 10 88 64 24 72
27 11 88 65 23 73
27 12 88 65 23 73
27 13 92 65 27 70
27 14 91 71 20 78
27 15 91 67 24 73
27 16 94 72 22 76
27 17 94 70 24 74
27 18 85 65 20 76
27 19 93 67 26 72
27 20 92 72 20 78
27 21 91 70 21 76
27 22 86 72 14 83
27 23 93 71 22 76
27 24 93 72 21 77
27 25 93 73 20 78
27 26 85 64 21 75
28 0 85 65 20 76
28 1 89 73 16 82
28 2 94 66 28 70
28 3 92 68 24 73
28 4 94 64 30 68
28 5 86 68 18 79
28 6 94 70 24 74
28 7 508 497 11 97
28 8 93 72 21 77
28 9 92 73 19 79
28 10 94 70 24 74
28 11 92 67 25 72
28 12 92 69 23 75
28 13 94 67 27 71
28 14 94 72 22 76
28 15 86 67 19 77
28 16 94 65 29 69
28 17 90 73 17 81
28 18 89 70 19 78
28 19 93 71 22 76
28 20 93 65 28 69
28 21 94 73 21 77
28 22 90 68 22 75
28 23 90 73 17 81
28 24 92 65 27 70
28 25 93 69 24 74
28 26 86 70 16 81
29 0 92 68 24 73
29 1 85 69 16 81
29 2 86 65 21 75
29 3 90 65 25 72
29 4 90 66 24 73
29 5 86 71 15 82
29 6 93 67 26 72
29 7 507 490 17 96
29 8 86 67 19 77
29 9 88 72 16 81
29 10 91 73 18 80
29 11 92 73 19 79
29 12 94 64 30 68
29 13 93 67 26 72
29 14 92 70 22 76
29 15 85 73 12 85
29 16 92 69 23 75
29 17 92 67 25 72
29 18 89 73 16 82
29 19 91 65 26 71
29 20 85 70 15 82
29 21 88 64 24 72
29 22 85 72 13 84
29 23 86 64 22 74
29 24 88 69 19 78
29 25 92 73 19 79
29 26 92 66 26 71
30 0 86 67 19 77
30 1 92 73 19 79
30 2 87 71 16 81
30 3 88 69 19 78
30 4 88 69 19 78
30 5 86 68 18 79
30 6 86 72 14 83
30 7 502 498 4 99
30 8 88 64 24 72
30 9 94 65 29 69
30 10 87 66 21 75
30 11 89 67 22 75
30 12 93 70 23 75
30 13 89 70 19 78
30 14 89 70 19 78
30 15 88 72 16 81
30 16 92 68 24 73
30 17 93 69 24 74
30 18 88 69 19 78
30 19 87 73 14 83
30 20 94 69 25 73
30 21 94 67 27 71
30 22 93 71 22 76
30 23 87 66 21 75
30 24 91 66 25 72
30 25 91 73 18 80
30 26 86 68 18 79
31 0 94 65 29 69
31 1 93 66 27 70
31 2 92 64 28 69
31 3 88 67 21 76
31 4 94 64 30 68
31 5 92 68 24 73
31 6 86 71 15 82
31 7 501 490 11 97
31 8 87 67 20 77
31 9 90 71 19 78
31 10 93 68 25 73
31 11 86 73 13 84
31 12 91 64 27 70
31 13 92 67 25 72
31 14 89 64 25 71
31 15 86 69 17 80
31 16 85 70 15 82
31 17 91 73 18 80
31 18 89 73 16 82
31 19 90 64 26 71
31 20 93 71 22 76
31 21 87 68 19 78
31 22 87 73 14 83
31 23 89 64 25 71
31 24 94 64 30 68
31 25 90 71 19 78
31 26 93 67 26 72
32 0 89 66 23 74
32 1 87 73 14 83
32 2 93 70 23 75
32 3 93 70 23 75
32 4 93 69 24 74
32 5 87 73 14 83
32 6 88 66 22 75
32 7 501 494 7 98
32 8 90 73 17 81
32 9 88 68 20 77
32 10 93 67 26 72
32 11 86 69 17 80
32 12 90 68 22 75
32 13 89 65 24 73
32 14 88 69 19 78
32 15 93 70 23 75
32 16 88 68 20 77
32 17 87 71 16 81
32 18 90 70 20 77
32 19 88 70 18 79
32 20 89 67 22 75
32 21 94 70 24 74
32 22 92 65 27 70
32 23 91 69 22 75
32 24 89 64 25 71
32 25 85 68 17 80
32 26 85 67 18 78
33 0 92 70 22 76
33 1 88 72 16 81
33 2 85 71 14 83
33 3 94 67 27 71
33 4 90 70 20 77
33 5 89 65 24 73
33 6 94 71 23 75
33 7 501 495 6 98
33 8 87 70 17 80
33 9 88 72 16 81
33 10 91 73 18 80
33 11 85 70 15 82
33 12 85 68 17 80
33 13 85 69 16 81
33 14 90 69 21 76
33 15 90 72 18 80
33 16 91 68 23 74
33 17 85 72 13 84
33 18 90 66 24 73
33 19 89 69 20 77
33 20 86 64 22 74
33 21 89 68 21 76
33 22 85 67 18 78
33 23 90 70 20 77
33 24 89 66 23 74
33 25 92 70 22 76
33 26 93 64 29 68
34 0 89 64 25 71
34 1 88 69 19 78
34 2 90 73 17 81
34 3 94 64 30 68
34 4 92 73 19 79
34 5 94 70 24 74
34 6 94 73 21 77
34 7 505 499 6 98
34 8 87 66 21 75
34 9 90 73 17 81
34 10 90 64 26 71
34 11 88 66 22 75
34 12 87 64 23 73
34 13 94 69 25 73
34 14 90 67 23 74
34 15 92 72 20 78
34 16 94 70 24 74
34 17 91 71 20 78
34 18 91 70 21 76
34 19 89 64 25 71
34 20 89 68 21 76
34 21 85 66 19 77
34 22 89 69 20 77
34 23 91 67 24 73
34 24 94 64 30 68
34 25 89 67 22 75
34 26 94 65 29 69